[mainWindow]
height=944
posy=57
posx=329
width=1000
colBGx=0.16444444656372
colBGy=0.51288896799088
colBGz=0.60000002384186

[image]
imageSaveFormatIndex=1
