[mainWindow]
height=765
posy=88
posx=458
width=862
colBGx=0.25
colBGy=0.64999997615814
colBGz=0.85000002384186

[image]
imageSaveFormatIndex=1
