[mainWindow]
height=765
posy=99
posx=457
width=862
colBGx=0.25
colBGy=0.64999997615814
colBGz=0.85000002384186

[image]
imageSaveFormatIndex=1
