[mainWindow]
height=869
posy=81
posx=413
width=1024
colBGx=0.16444444656372
colBGy=0.51288896799088
colBGz=0.60000002384186

[image]
imageSaveFormatIndex=1
