[mainWindow]
posx=457
width=1009
height=904
posy=53
colBGx=0.036419771611691
colBGy=0.53172850608826
colBGz=0.65555554628372

[image]
imageSaveFormatIndex=1
